REGISTRATION NUMBER                                                  NO OF PRESENT DAYS
173238                                                                   150
173248                                                                   157
173247                                                                   159
173239                                                                   163
173233                                                                   160
173201                                                                   170
173202                                                                   170
173203                                                                   165
173204                                                                   169
173205                                                                   170

